0.693147
 2.19722
 4.15888
 6.43775
  8.9588
 11.6755
 14.5561
 17.5778
 20.7233
  23.979
  27.334
 30.7794
 34.3077
 37.9127
 41.5888
 45.3314
 49.1363
 52.9999
 56.9189
 60.8904
1333.33
1266.67
   1200
1133.33
1066.67
   1000
933.333
866.667
    800
733.333
666.667
    600
533.333
466.667
    400
333.333
266.667
    200
133.333
66.6667
-1.72005e-31
   0.0263201
   0.0498696
   0.0706486
   0.0886571
    0.103895
    0.116362
    0.126059
    0.132986
    0.137141
    0.138527
    0.137142
    0.132986
    0.126059
    0.116363
    0.103895
   0.0886572
   0.0706487
   0.0498697
   0.0263201
21.6664
133.553
21.6864
133.328
